function prop = default_mcx_prop_kienle()
  prop = [0 0 1 1;
           0 0 1 1;
           0.04 0.5 0.9 1.633;
           0.15 6.6 0.96 1.54; % 450mm     
           2.8 2.75 0.77 1.39]; 
end