function prop = default_mcx_prop()
  prop = [0 0 1 1;
           0 0 1 1;
           0.1 2.867 0.99 1.63;
           0.35 22.193 0.83 1.49;          
           2.8 0 1 1.333]; %water?!
end