function prop = prop_mcx_700nm_kienle()
  prop = [0 0 1 1;
           0 0 1 1;
           0.02 0.2 0.9 1.633;
           0.1 6.8 0.964 1.54;      
           0.0006 1.5 0.77 1.39]; 
end
       
           
% old / wrong

%prop = [0 0 1 1;
%           0 0 1 1;
%           0.04 0.5 0.9 1.633;
%           0.15 6.6 0.96 1.54;
%           2.8 2.75 0.77 1.39]; 