function prop = prop_mcx_632nm()
  prop = [0 0 1 1;
           0 0 1 1;
           0.1 6 0.96 1.631;
           0.35 28 0.93 1.54;          
           0.0003 3 0.77 1.39];
end